# Voltaje_EMG
0.0000
1.4027
1.3539
1.3636
1.3050
1.3783
1.4321
1.4370
1.4418
1.4125
1.3587
1.3881
1.4076
1.4125
1.3587
1.3783
1.3978
1.3881
0.0000
1.3734
1.3294
1.3978
1.3343
1.3783
1.4663
1.4418
1.4467
1.4027
1.3539
1.3636
1.3050
1.3783
1.4321
1.4370
1.4418
1.4125
1.3587
1.3881
1.4076
1.4125
1.3587
1.3783
1.3978
1.3881
1.4907
1.4907
1.4663
1.4809
1.4712
1.4565
1.4858
1.4712
1.4907
1.5005
1.4761
1.4858
1.5152
1.5152
1.5103
1.4956
1.5640
1.5298
1.5103
1.5494
1.5298
1.5689
1.5640
1.5591
1.5836
1.5543
1.5787
1.5885
1.5494
1.5738
1.5738
1.4858
1.5005
1.4565
1.4516
1.4418
1.3930
1.4321
1.4174
1.3930
1.4174
1.5200
1.3832
1.3001
1.4076
1.4858
1.3734
1.3392
1.5005
1.4956
1.4027
1.3636
1.4907
1.5445
1.4321
1.4076
1.5103
1.5689
1.4858
1.3783
1.5054
1.5885
1.4614
1.4272
1.5396
1.5543
1.4809
1.4467
1.5445
1.5982
1.4809
1.4907
1.5445
1.5347
1.5103
1.4858
1.5347
1.5005
1.4614
1.4370
1.5200
1.4858
1.4809
1.4907
1.4907
1.4809
1.5103
1.5103
1.4907
1.4858
1.5152
1.4858
1.3343
1.3930
1.4321
1.4712
1.5054
1.5054
1.4076
1.6276
1.6716
1.6129
1.6276
1.5982
1.5738
1.5738
1.5445
1.5347
1.5249
1.5152
1.5054
1.5005
1.5298
1.5200
1.4809
1.5152
1.4321
1.4370
1.4272
1.4761
1.4663
1.4565
1.4516
1.4761
1.4370
1.3734
1.4761
1.4809
1.5200
1.5054
1.4761
1.5200
1.4418
1.4321
1.4223
1.4321
1.4907
1.4761
1.5152
1.5103
1.5200
1.5152
1.4858
1.4370
1.4565
1.4565
1.4712
1.4858
1.4418
1.5591
1.5591
1.4370
1.4467
1.5494
1.5543
1.4370
1.4125
1.5885
1.5347
1.4321
1.4272
1.5054
1.5640
1.4907
1.4809
1.5445
1.4956
1.5005
1.5200
1.5298
1.5005
1.4565
1.4712
1.4516
1.4418
1.4565
1.4272
1.5543
1.4614
1.3783
1.5054
1.5054
1.3685
1.4614
1.5347
1.4370
1.3587
1.5298
1.5200
1.4516
1.4761
1.5152
1.4614
1.5152
1.4663
1.4761
1.5005
1.4858
1.4712
1.4516
1.4614
1.4956
1.4907
1.4956
1.4516
1.5054
1.4663
1.3978
1.5640
1.4712
1.1779
1.4712
1.3636
1.2512
1.5249
1.3881
1.1975
1.5494
1.5738
1.4712
1.6667
1.5298
1.4370
1.6422
1.5200
1.4076
1.5934
1.4907
1.3734
1.5787
1.4761
1.3685
1.5591
1.5445
1.4516
1.4663
1.4076
1.5249
1.4956
1.4809
1.4907
1.4321
1.4956
1.5689
1.3685
1.4467
1.4076
1.5005
1.4956
1.4858
1.4858
1.3881
1.3392
1.4809
1.4858
1.4663
1.4076
1.5982
1.5152
1.4027
1.5543
1.4956
1.6764
1.8719
1.4223
1.4321
1.4956
1.3881
1.5689
1.7155
1.4712
1.5836
1.6422
1.6325
1.7595
1.6227
1.6227
1.6618
1.5836
1.5885
1.7107
1.7155
1.6129
1.5494
1.5200
1.6862
1.4321
1.6716
1.5054
1.6129
1.5103
1.5347
1.6227
1.5249
1.5689
1.5298
1.5054
1.4663
1.4516
1.4956
1.5249
1.6373
1.5249
1.5249
1.6520
1.4321
1.4858
1.3392
1.8182
1.5738
1.3685
1.4467
1.4614
1.7742
1.4761
1.5934
1.5200
1.4956
1.1828
1.6911
1.4858
1.4272
1.4663
1.5445
1.4516
1.8280
1.4712
1.2170
1.4272
1.4516
1.1535
1.8133
1.4027
1.2805
1.6422
1.2854
1.5689
1.5689
1.7644
1.1144
1.6471
1.6373
1.4663
1.7204
1.4712
1.2219
1.9501
1.6960
1.2414
1.6373
1.4467
1.6129
1.4076
1.4272
1.5054
1.2903
1.7351
1.3587
1.5152
1.3050
1.4370
1.7644
1.6911
1.3490
1.3490
1.2072
1.5494
1.6325
1.4418
1.7107
1.6569
1.1241
1.3245
1.5591
1.4907
1.5591
1.4663
1.5982
1.4223
1.4370
1.3832
1.7840
1.6716
1.3685
1.1975
1.2610
1.4858
2.0381
1.3685
1.4809
1.2366
1.6618
1.1681
1.8035
1.4663
1.0166
1.8622
1.1241
1.4516
1.3001
1.1877
1.7889
1.4370
1.0606
1.7840
1.1046
1.1241
1.7791
1.3196
1.2414
1.5689
1.2023
1.5200
1.0068
1.1681
1.2561
1.2659
1.4223
1.5249
1.5103
1.3587
1.3294
1.1095
1.4858
1.5738
1.2757
1.3245
1.3636
1.2805
1.6080
1.5689
1.3343
1.1095
1.6520
1.3539
1.2952
1.9501
0.9433
1.9306
1.1535
1.4516
1.5787
1.2561
2.0186
0.9775
1.6716
1.4076
1.5689
1.1584
1.0997
1.3441
1.4614
1.3734
1.1632
1.5543
1.6862
1.3441
1.3001
1.4761
1.5689
1.3294
1.2561
1.7742
1.6325
1.1437
1.6960
1.7546
1.0753
1.4858
1.3930
1.6569
1.5200
1.1926
1.9159
1.2414
1.5103
1.9306
1.0117
1.4712
1.4076
1.1681
1.7889
1.2708
1.8475
1.2659
1.3734
1.7253
1.3294
1.8719
0.9531
1.4223
1.9453
1.0704
1.6667
1.3441
1.4565
1.2317
1.9697
0.9677
1.9453
1.3930
2.0723
0.7869
1.4761
1.4907
1.4858
1.8377
1.4761
1.8133
1.0850
1.5787
1.4223
1.6325
1.3294
1.2561
1.3148
1.4467
1.6618
1.4321
1.2121
1.2170
1.5689
1.4712
1.5689
1.4272
1.4272
1.2121
1.6031
1.3636
1.4761
1.4272
1.3930
1.6178
1.5200
1.6325
1.3539
1.7204
1.5005
1.3930
1.3587
1.5494
1.2805
1.2659
1.3783
1.5005
1.4076
1.3490
1.1486
1.4809
1.6373
1.3148
1.4125
1.0850
1.4418
1.3930
1.6716
1.3783
1.3881
1.3490
1.3245
1.3636
1.6667
1.3441
1.3783
1.4712
1.1926
1.2757
1.3148
1.5445
1.4418
1.2757
1.3245
1.4467
1.4809
1.4858
1.4516
1.4565
1.5005
1.5787
1.4809
1.4663
1.4956
1.5298
1.5396
1.4761
1.6227
1.4467
1.4956
1.6178
1.4956
1.5054
1.4712
1.6422
1.5103
1.6129
1.4516
1.5396
1.4712
1.6471
1.5640
1.5982
1.5347
1.5005
1.5689
1.3978
1.5200
1.5689
1.4027
1.4467
1.4272
1.5982
1.4418
1.4663
1.5738
1.4076
1.5445
1.5885
1.5689
1.5738
1.4076
1.6178
1.5543
1.4907
1.6813
1.5787
1.6422
1.5836
1.4272
1.5298
1.4858
1.3685
1.4272
1.4223
1.4761
1.4956
1.5249
1.5982
1.5640
1.5298
1.6325
1.4956
1.6325
1.4272
1.5200
1.4614
1.6764
1.4858
1.5103
1.5249
1.5396
1.5982
1.5347
1.5249
1.5298
1.5640
1.6325
1.4418
1.5152
1.4467
1.5787
1.3783
1.5249
1.5396
1.4027
1.4858
1.5738
1.5836
1.4809
1.4907
1.4858
1.5347
1.3783
1.5494
1.5054
1.4027
1.5689
1.4956
1.5298
1.5200
1.4761
1.6471
1.5689
1.5543
1.2317
1.3245
1.4565
1.4956
1.3978
1.5054
1.4223
1.3587
1.6276
1.5054
1.5005
1.5249
1.6031
1.5640
1.5689
1.4614
1.5298
1.4712
1.4565
1.4712
1.5249
1.5298
1.5298
1.4467
1.5298
1.4125
1.5103
1.5200
1.5738
1.4223
1.5347
1.3685
1.5640
1.4272
1.4565
1.5689
1.5543
1.4663
1.4614
1.4076
1.5445
1.5298
1.5396
1.5152
1.4516
1.4076
1.4223
1.5591
1.5787
1.5445
1.4565
1.3930
1.4370
1.4907
1.6031
1.5836
1.4858
1.5054
1.4223
1.4712
1.6031
1.6031
1.5200
1.4858
1.5005
1.4712
1.5787
1.4565
1.4907
1.4516
1.4809
1.5347
1.4125
1.4614
1.4663
1.5152
1.4418
1.4614
1.4809
1.5005
1.4809
1.5103
1.4516
1.4663
1.5298
1.4907
1.5200
1.4614
1.5249
1.4370
1.4663
1.5005
1.5103
1.4761
1.4907
1.4370
1.4663
1.5103
1.4858
1.5249
1.5152
1.4761
1.4370
1.4125
1.4858
1.5347
1.4516
1.4761
1.5347
1.4858
1.5347
1.4076
1.4125
1.4907
1.4956
1.5200
1.5543
1.5347
1.3978
1.2463
1.3734
1.4125
1.4272
1.4125
1.4174
1.3685
1.5982
1.5836
1.5787
1.5543
1.5982
1.4858
1.4418
1.5152
1.5836
1.5103
1.4516
1.4614
1.5200
1.5396
1.5494
1.4907
1.5200
1.5543
1.5103
1.4858
1.5396
1.5445
1.4418
1.4761
1.4712
1.4516
1.3245
1.5640
1.4956
1.4663
1.4467
1.3881
1.3685
1.4418
1.5689
1.5494
1.5005
1.4125
1.3636
1.4614
1.5200
1.5494
1.4907
1.4125
1.3783
1.3832
1.5347
1.5152
1.4907
1.4272
1.3636
1.4418
1.5005
1.4712
1.4907
1.4467
1.5249
1.4516
1.4956
1.5103
1.5103
1.5200
1.5249
1.4809
1.4809
1.4712
1.5347
1.6178
1.4223
1.4809
1.5054
1.4321
1.5347
1.5396
1.4712
1.4663
1.4858
1.4565
1.3783
1.4467
1.4076
1.4272
1.4370
1.4858
1.4321
1.4956
1.4614
1.4125
1.4467
1.4565
1.4467
1.4467
1.4907
1.5152
1.4418
1.4663
1.4907
1.4076
1.4516
1.4614
1.4223
1.4907
1.4467
1.4516
1.4663
1.4614
1.4761
1.4321
1.4614
1.4223
1.3783
1.3294
1.3734
1.3490
1.4174
1.4516
1.4027
1.3441
1.5591
1.5885
1.5249
1.5591
1.5591
1.5200
1.5347
1.5298
1.5054
1.4761
1.4907
1.4907
1.5005
1.4467
1.4614
1.5396
1.4321
1.5152
1.4272
1.4516
1.5249
1.3978
1.4370
1.5152
1.3343
1.4663
1.5200
1.3490
1.5152
