# Voltaje_EMG
0.0293
1.5982
2.4585
2.0821
1.6569
1.5200
1.5298
1.4125
1.2317
1.2268
1.3685
1.3245
1.1926
1.2023
1.2072
1.3930
1.3539
1.2952
1.3441
1.2903
1.1975
1.1046
1.1339
1.2268
1.1632
1.1290
1.2512
1.4761
1.6276
1.7107
1.8328
1.9110
1.9013
1.8719
1.8328
1.8280
1.7644
1.7058
1.6764
1.6520
1.6080
1.5738
1.5396
1.5885
1.5982
1.5396
1.5249
1.5836
1.4956
1.5885
1.5200
1.5934
1.5396
1.5543
1.5591
1.4614
1.5445
1.4418
1.4956
1.5054
1.5200
1.4858
1.5005
1.4418
1.4076
1.3636
1.3050
1.4321
1.5347
1.5445
1.6471
1.5543
1.6422
1.5787
1.5445
1.5396
1.4516
1.5885
1.4663
0.7331
0.0538
1.1290
2.5269
2.1799
1.7595
1.6276
1.5396
1.5347
1.4663
1.4663
1.4614
1.4418
1.4223
1.4125
1.3245
1.3587
1.2903
1.3099
1.2561
1.2463
1.2170
1.1975
1.1877
1.1486
1.1388
1.1437
1.2072
1.3490
1.5494
1.7204
1.8475
1.9013
1.9208
1.8964
1.9013
1.8671
1.8377
1.7986
1.7498
1.7009
1.6520
1.6178
1.6031
1.5640
1.5543
1.4712
1.4174
1.4467
1.4125
1.3734
1.4370
1.4712
1.3490
1.4907
1.5738
1.6373
1.5738
1.4712
1.5591
1.5689
1.6080
1.4956
1.4761
1.5543
1.5494
1.5200
1.4174
1.4418
1.3978
1.2463
1.3636
1.4809
1.5836
1.5982
1.5445
1.5738
1.5445
1.5347
1.5298
1.4956
1.5200
1.5200
0.9629
0.1075
0.4448
2.3460
2.2434
1.8035
1.6080
1.5298
1.4907
1.4712
1.3685
1.4467
1.3539
1.5005
1.3930
1.3734
1.3294
1.3392
1.3783
1.2414
1.2903
1.2219
1.2170
1.1437
1.0655
1.1681
1.0704
1.1877
1.2463
1.5005
1.6667
1.7546
1.8915
1.8622
1.9306
1.8768
1.8671
1.8231
1.7302
1.7351
1.6471
1.6667
1.5103
1.5249
1.5934
1.5836
1.5738
1.4956
1.5543
1.5640
1.5152
1.5347
1.5885
1.5738
1.5298
1.4663
1.4712
1.5347
1.5249
1.5103
1.6129
1.5787
1.5396
1.4272
1.4125
1.4663
1.4614
1.4321
1.4956
1.5347
1.5103
1.4809
1.4467
1.4565
1.2854
1.2023
1.3050
1.4565
1.5640
1.5787
1.5934
1.5885
1.4516
1.4370
1.4272
1.4370
1.4370
1.5152
1.1144
0.1417
0.2639
2.3656
2.4389
1.9746
1.6178
1.5494
1.4809
1.4809
1.4858
1.4761
1.4027
1.3881
1.3734
1.3343
1.3490
1.3734
1.3490
1.3343
1.2659
1.2121
1.1926
1.1730
1.1535
1.1290
1.1046
1.0802
1.2023
1.4272
1.6276
1.7986
1.8377
1.9257
1.8964
1.9013
1.8328
1.8182
1.7693
1.7302
1.6716
1.6520
1.5787
1.5885
1.5005
1.5445
1.5494
1.4907
1.5005
1.5347
1.4712
1.5934
1.4858
1.5103
1.5543
1.4858
1.5787
1.4956
1.5054
1.5494
1.4370
1.4809
1.4614
1.4418
1.5836
1.4663
1.5591
1.4809
1.4565
1.5347
1.4272
1.5543
1.4956
1.4907
1.5347
1.4370
1.4076
1.2659
1.3050
1.4712
1.5396
1.5689
1.6031
1.5543
1.5689
1.5885
1.5494
1.5249
1.4956
1.5396
1.2952
0.2884
0.0293
1.9550
2.3949
1.9550
1.6471
1.5445
1.4761
1.4370
1.4223
1.4174
1.3881
1.3930
1.4076
1.3490
1.3685
1.3587
1.3490
1.3148
1.2463
1.2219
1.1828
1.1193
1.0411
0.9726
1.0264
1.0802
1.1241
1.1388
1.6276
1.7889
1.8573
1.8524
1.8964
1.8817
1.8280
1.8426
1.8231
1.7595
1.6911
1.5640
1.5885
1.5885
1.5543
1.5005
1.4907
1.4516
1.4663
1.5005
1.5152
1.5103
1.4761
1.4614
1.4712
1.5005
1.5396
1.5347
1.4907
1.4761
1.4565
1.4223
1.4516
1.5103
1.4858
1.4712
1.4516
1.4467
1.4565
1.4956
1.4858
1.4516
1.4565
1.3245
1.2854
1.3978
1.4467
1.5200
1.5396
1.5396
1.5103
1.4907
1.4907
1.5152
1.4712
1.4321
1.4858
0.7820
0.0684
0.9873
2.3558
2.2043
1.8719
1.5836
1.5640
1.4761
1.4125
1.4663
1.3294
1.4467
1.3245
1.3148
1.3636
1.3099
1.3050
1.3050
1.2023
1.3099
1.1681
1.1975
1.1437
1.0704
1.1486
1.0850
1.1828
1.3148
1.4223
1.6373
1.7107
1.8182
1.8280
1.8768
1.8035
1.8573
1.7595
1.7791
1.6911
1.6813
1.6373
1.5836
1.6227
1.5738
1.5885
1.5200
1.5787
1.5152
1.5200
1.5543
1.5396
1.5591
1.5054
1.4467
1.4565
1.4370
1.3978
1.4370
1.4467
1.4125
1.5494
1.5640
1.5591
1.5640
1.5396
1.4663
1.4467
1.3245
1.3636
1.3978
1.5054
1.5640
1.5591
1.6276
1.5445
1.5982
1.5640
1.5494
1.5054
1.5347
1.4907
1.0655
0.1369
0.4057
2.2483
2.3363
1.8524
1.6325
1.5347
1.4858
1.4809
1.4223
1.4418
1.4076
1.3490
1.4125
1.2708
1.4027
1.2561
1.3490
1.2219
1.2366
1.2072
1.1241
1.1290
1.0948
1.0802
1.1046
1.0899
1.2952
1.4027
1.6911
1.7351
1.9355
1.9110
1.9306
1.9013
1.8133
1.8280
1.7595
1.7058
1.6716
1.6422
1.6325
1.6080
1.6031
1.5640
1.5200
1.5249
1.5298
1.5200
1.5054
1.5152
1.5640
1.5543
1.5396
1.5396
1.5396
1.4907
1.5249
1.5494
1.5347
1.4761
1.5103
1.5738
1.5103
1.5543
1.5005
1.5445
1.5689
1.5152
1.5298
1.5396
1.5005
1.5103
1.3392
1.3050
1.3734
1.4761
1.6080
1.6080
1.6227
1.5982
1.5738
1.5982
1.5396
1.5445
1.5445
1.5396
1.1339
0.1857
0.0831
2.1701
2.2727
1.7644
1.5298
1.5103
1.4125
1.3783
1.5249
1.5445
1.4761
1.4272
1.4761
1.4272
1.3930
1.3343
1.3294
1.3441
1.2903
1.2219
1.1926
1.2023
1.1437
1.0899
1.0753
1.1241
1.2121
1.4076
1.6031
1.7498
1.8622
1.8768
1.9501
1.8964
1.8671
1.7791
1.7742
1.7302
1.7351
1.6911
1.5982
1.5591
1.5103
1.5298
1.5347
1.5152
1.5885
1.4956
1.5787
1.5494
1.5738
1.5494
1.5347
1.5396
1.5445
1.5298
1.5347
1.5298
1.5200
1.4565
1.4516
1.4418
1.5103
1.4663
1.5249
1.4956
1.5249
1.4761
1.5054
1.4516
1.4858
1.4076
1.4418
1.3734
1.4370
1.4321
1.4663
1.4614
1.3148
1.2121
1.2805
1.3587
1.5934
1.5347
1.6764
1.5787
1.6618
1.5445
1.5738
1.5005
1.4809
1.5787
1.2023
0.2444
0.0587
2.0577
2.3754
1.8328
1.7155
1.5054
1.5200
1.4614
1.3832
1.4418
1.3490
1.3978
1.3245
1.3392
1.3392
1.2805
1.3196
1.2072
1.2463
1.1828
1.1437
1.1681
1.0997
1.1241
0.9140
1.0166
1.0753
1.3099
1.4418
1.6569
1.7986
1.7107
1.9501
1.9746
1.8573
1.8622
1.7498
1.7400
1.6080
1.5836
1.5396
1.4858
1.4321
1.4223
1.3978
1.4027
1.4272
1.4663
1.4907
1.5836
1.5543
1.5494
1.5836
1.6080
1.6178
1.5591
1.5934
1.5787
1.6178
1.6080
1.5396
1.5396
1.5738
1.5934
1.5054
1.5200
1.5249
1.5005
1.4272
1.3783
1.4223
1.4174
1.4076
1.3343
1.3685
1.3294
1.1290
1.0606
1.1926
1.3441
1.3587
1.3392
1.3490
1.4467
1.4516
1.4418
1.4418
1.5103
1.6471
1.5445
0.8309
0.0831
1.3783
2.6393
2.2239
1.8182
1.6422
1.5494
1.4516
1.4467
1.3783
1.3881
1.3441
1.3587
1.3050
1.2854
1.3050
1.2708
1.2805
1.1632
1.2023
1.1681
1.1193
1.0411
1.1046
1.1437
1.1241
1.1290
1.2708
1.5103
1.6667
1.7742
1.8622
1.9795
1.9550
1.8719
1.8671
1.8768
1.8475
1.6813
1.6716
1.6569
1.6618
1.5640
1.5738
1.5836
1.6129
1.5347
1.4467
1.5200
1.5347
1.5298
1.3978
1.4174
1.5005
1.4956
1.4125
1.4565
1.4858
1.3441
1.6178
1.6325
1.6276
1.5982
1.6178
1.6569
1.6618
1.6227
1.6080
1.5885
1.5738
1.5543
1.5445
1.5494
1.5445
1.5347
1.5982
1.4858
1.4907
1.3441
1.2268
1.3636
1.4761
1.5152
1.5885
1.6325
1.5836
1.6031
1.5982
1.5054
1.4858
1.5298
1.4027
0.6256
0.0489
1.4223
2.5611
2.1261
1.7204
1.5494
1.4467
1.4174
1.3441
1.3441
1.3636
1.3783
1.3832
1.3881
1.3490
1.3001
1.2610
1.2414
1.2610
1.1632
1.1486
1.1584
1.1584
1.1339
1.0655
1.1241
1.1290
1.2366
1.3978
1.5885
1.7840
1.8866
1.8817
1.9159
1.9257
1.8719
1.7791
1.7400
1.7155
1.6862
1.6178
1.6031
1.6276
1.6080
1.5738
1.5445
1.5738
1.5640
1.5152
1.5005
1.5347
1.5543
1.5689
1.5298
1.5738
1.5885
1.5445
1.4907
1.5200
1.5249
1.4956
1.4663
1.5054
1.5200
1.5298
1.5005
1.5152
1.5494
1.5054
1.4663
1.4809
1.5103
1.4712
1.4614
1.4712
1.5103
1.4174
1.1584
1.1730
1.3587
1.4614
1.5005
1.4956
1.5298
1.5787
1.6667
1.6178
1.5885
1.5934
1.6227
1.2561
0.2884
0.0733
2.0723
2.3754
1.9746
1.6960
1.5249
1.4663
1.4907
1.4956
1.4516
1.4076
1.3832
1.3978
1.3734
1.3148
1.3587
1.3245
1.2805
1.2512
1.2317
1.1681
1.1584
1.1388
1.1290
1.1046
1.1388
1.2219
1.3636
1.5396
1.7058
1.8280
