1.427174975562072401e+00
1.500488758553274682e+00
1.485826001955034226e+00
1.441837732160312857e+00
1.505376344086021501e+00
1.466275659824046951e+00
1.500488758553274682e+00
1.510263929618768319e+00
1.466275659824046951e+00
1.534701857282502413e+00
1.505376344086021501e+00
1.476050830889540588e+00
1.529814271749755594e+00
1.476050830889540588e+00
1.534701857282502413e+00
1.529814271749755594e+00
1.485826001955034226e+00
1.544477028347996050e+00
1.490713587487781044e+00
1.510263929618768319e+00
1.529814271749755594e+00
1.490713587487781044e+00
1.534701857282502413e+00
1.510263929618768319e+00
1.510263929618768319e+00
1.559139784946236507e+00
1.495601173020527863e+00
1.549364613880742869e+00
1.524926686217008776e+00
1.485826001955034226e+00
1.554252199413489688e+00
1.495601173020527863e+00
1.510263929618768319e+00
1.559139784946236507e+00
1.461388074291300132e+00
1.515151515151515138e+00
1.500488758553274682e+00
1.471163245356793770e+00
1.539589442815249232e+00
1.642228739002932425e+00
1.779081133919843793e+00
1.710654936461387887e+00
1.495601173020527863e+00
1.500488758553274682e+00
1.446725317693059676e+00
1.461388074291300132e+00
1.490713587487781044e+00
1.441837732160312857e+00
1.520039100684261957e+00
1.500488758553274682e+00
1.461388074291300132e+00
1.520039100684261957e+00
1.480938416422287407e+00
1.529814271749755594e+00
1.534701857282502413e+00
1.495601173020527863e+00
1.578690127077223782e+00
1.534701857282502413e+00
1.549364613880742869e+00
1.578690127077223782e+00
1.505376344086021501e+00
1.564027370478983325e+00
1.534701857282502413e+00
1.510263929618768319e+00
1.529814271749755594e+00
1.451612903225806495e+00
1.485826001955034226e+00
1.490713587487781044e+00
1.436950146627566038e+00
1.510263929618768319e+00
1.461388074291300132e+00
1.471163245356793770e+00
1.510263929618768319e+00
1.451612903225806495e+00
1.524926686217008776e+00
1.505376344086021501e+00
1.476050830889540588e+00
1.534701857282502413e+00
1.476050830889540588e+00
1.524926686217008776e+00
1.524926686217008776e+00
1.476050830889540588e+00
1.544477028347996050e+00
1.490713587487781044e+00
1.505376344086021501e+00
1.529814271749755594e+00
1.471163245356793770e+00
1.534701857282502413e+00
1.515151515151515138e+00
1.495601173020527863e+00
1.539589442815249232e+00
1.485826001955034226e+00
1.529814271749755594e+00
1.539589442815249232e+00
1.500488758553274682e+00
1.568914956011730144e+00
1.524926686217008776e+00
1.510263929618768319e+00
1.524926686217008776e+00
1.461388074291300132e+00
1.529814271749755594e+00
1.515151515151515138e+00
1.485826001955034226e+00
1.539589442815249232e+00
1.480938416422287407e+00
1.485826001955034226e+00
1.578690127077223782e+00
1.681329423264906975e+00
1.798631476050831068e+00
1.622678396871945150e+00
1.485826001955034226e+00
1.505376344086021501e+00
1.422287390029325582e+00
1.485826001955034226e+00
1.476050830889540588e+00
1.451612903225806495e+00
1.520039100684261957e+00
1.471163245356793770e+00
1.505376344086021501e+00
1.520039100684261957e+00
1.466275659824046951e+00
1.549364613880742869e+00
1.520039100684261957e+00
1.529814271749755594e+00
1.573802541544476963e+00
1.515151515151515138e+00
1.578690127077223782e+00
1.559139784946236507e+00
1.520039100684261957e+00
1.568914956011730144e+00
1.495601173020527863e+00
1.515151515151515138e+00
1.520039100684261957e+00
1.446725317693059676e+00
1.500488758553274682e+00
1.466275659824046951e+00
1.466275659824046951e+00
1.500488758553274682e+00
1.441837732160312857e+00
1.505376344086021501e+00
1.490713587487781044e+00
1.456500488758553313e+00
1.524926686217008776e+00
1.480938416422287407e+00
1.510263929618768319e+00
1.534701857282502413e+00
1.471163245356793770e+00
1.529814271749755594e+00
1.500488758553274682e+00
1.490713587487781044e+00
1.534701857282502413e+00
1.476050830889540588e+00
1.539589442815249232e+00
1.529814271749755594e+00
1.495601173020527863e+00
1.534701857282502413e+00
1.490713587487781044e+00
1.524926686217008776e+00
1.534701857282502413e+00
1.471163245356793770e+00
1.544477028347996050e+00
1.515151515151515138e+00
1.515151515151515138e+00
1.568914956011730144e+00
1.500488758553274682e+00
1.554252199413489688e+00
1.539589442815249232e+00
1.476050830889540588e+00
1.544477028347996050e+00
1.485826001955034226e+00
1.510263929618768319e+00
1.534701857282502413e+00
1.476050830889540588e+00
1.534701857282502413e+00
1.480938416422287407e+00
1.559139784946236507e+00
1.739980449657869244e+00
1.720430107526881969e+00
1.622678396871945150e+00
1.495601173020527863e+00
1.441837732160312857e+00
1.500488758553274682e+00
1.466275659824046951e+00
1.476050830889540588e+00
1.510263929618768319e+00
1.446725317693059676e+00
1.510263929618768319e+00
1.495601173020527863e+00
1.485826001955034226e+00
1.544477028347996050e+00
1.495601173020527863e+00
1.544477028347996050e+00
1.559139784946236507e+00
1.510263929618768319e+00
1.583577712609970600e+00
1.539589442815249232e+00
1.544477028347996050e+00
1.573802541544476963e+00
1.500488758553274682e+00
1.554252199413489688e+00
1.515151515151515138e+00
1.466275659824046951e+00
1.505376344086021501e+00
1.446725317693059676e+00
1.480938416422287407e+00
1.490713587487781044e+00
1.432062561094819220e+00
1.510263929618768319e+00
1.466275659824046951e+00
1.485826001955034226e+00
1.515151515151515138e+00
1.451612903225806495e+00
1.529814271749755594e+00
1.510263929618768319e+00
1.476050830889540588e+00
1.529814271749755594e+00
1.476050830889540588e+00
1.520039100684261957e+00
1.524926686217008776e+00
1.476050830889540588e+00
1.539589442815249232e+00
1.495601173020527863e+00
1.500488758553274682e+00
1.539589442815249232e+00
1.471163245356793770e+00
1.544477028347996050e+00
1.520039100684261957e+00
1.490713587487781044e+00
1.539589442815249232e+00
1.490713587487781044e+00
1.529814271749755594e+00
1.544477028347996050e+00
1.500488758553274682e+00
1.568914956011730144e+00
1.524926686217008776e+00
1.524926686217008776e+00
1.544477028347996050e+00
1.471163245356793770e+00
1.529814271749755594e+00
1.515151515151515138e+00
1.476050830889540588e+00
1.534701857282502413e+00
1.485826001955034226e+00
1.510263929618768319e+00
1.524926686217008776e+00
1.617790811339198331e+00
1.774193548387096975e+00
1.710654936461387887e+00
1.520039100684261957e+00
1.500488758553274682e+00
1.441837732160312857e+00
1.510263929618768319e+00
1.480938416422287407e+00
1.451612903225806495e+00
1.510263929618768319e+00
1.466275659824046951e+00
1.505376344086021501e+00
1.520039100684261957e+00
1.466275659824046951e+00
1.554252199413489688e+00
1.520039100684261957e+00
1.524926686217008776e+00
1.568914956011730144e+00
1.515151515151515138e+00
1.573802541544476963e+00
1.559139784946236507e+00
1.520039100684261957e+00
1.568914956011730144e+00
1.510263929618768319e+00
1.529814271749755594e+00
1.524926686217008776e+00
1.451612903225806495e+00
1.515151515151515138e+00
1.466275659824046951e+00
1.466275659824046951e+00
1.505376344086021501e+00
1.451612903225806495e+00
1.505376344086021501e+00
1.495601173020527863e+00
1.461388074291300132e+00
1.524926686217008776e+00
1.480938416422287407e+00
1.515151515151515138e+00
1.524926686217008776e+00
1.466275659824046951e+00
1.539589442815249232e+00
1.505376344086021501e+00
1.495601173020527863e+00
1.544477028347996050e+00
1.480938416422287407e+00
1.534701857282502413e+00
1.524926686217008776e+00
1.480938416422287407e+00
1.539589442815249232e+00
1.490713587487781044e+00
1.515151515151515138e+00
1.539589442815249232e+00
1.480938416422287407e+00
1.544477028347996050e+00
1.524926686217008776e+00
1.515151515151515138e+00
1.559139784946236507e+00
1.495601173020527863e+00
1.539589442815249232e+00
1.529814271749755594e+00
1.471163245356793770e+00
1.539589442815249232e+00
1.495601173020527863e+00
1.515151515151515138e+00
1.529814271749755594e+00
1.456500488758553313e+00
1.500488758553274682e+00
1.564027370478983325e+00
1.705767350928641068e+00
1.774193548387096975e+00
1.583577712609970600e+00
1.500488758553274682e+00
1.490713587487781044e+00
1.432062561094819220e+00
1.500488758553274682e+00
1.451612903225806495e+00
1.476050830889540588e+00
1.495601173020527863e+00
1.451612903225806495e+00
1.534701857282502413e+00
1.505376344086021501e+00
1.500488758553274682e+00
1.544477028347996050e+00
1.495601173020527863e+00
1.554252199413489688e+00
1.559139784946236507e+00
1.515151515151515138e+00
1.578690127077223782e+00
1.534701857282502413e+00
1.544477028347996050e+00
1.564027370478983325e+00
1.485826001955034226e+00
1.539589442815249232e+00
1.490713587487781044e+00
1.451612903225806495e+00
1.500488758553274682e+00
1.436950146627566038e+00
1.480938416422287407e+00
1.490713587487781044e+00
1.446725317693059676e+00
1.515151515151515138e+00
1.471163245356793770e+00
1.490713587487781044e+00
1.520039100684261957e+00
1.456500488758553313e+00
1.534701857282502413e+00
1.505376344086021501e+00
1.480938416422287407e+00
1.534701857282502413e+00
1.485826001955034226e+00
1.529814271749755594e+00
1.524926686217008776e+00
1.476050830889540588e+00
1.539589442815249232e+00
1.490713587487781044e+00
1.505376344086021501e+00
1.534701857282502413e+00
1.490713587487781044e+00
1.544477028347996050e+00
1.529814271749755594e+00
1.485826001955034226e+00
1.539589442815249232e+00
1.490713587487781044e+00
1.529814271749755594e+00
1.534701857282502413e+00
1.490713587487781044e+00
1.554252199413489688e+00
1.510263929618768319e+00
1.524926686217008776e+00
1.564027370478983325e+00
1.500488758553274682e+00
1.554252199413489688e+00
1.529814271749755594e+00
1.480938416422287407e+00
1.534701857282502413e+00
1.480938416422287407e+00
1.520039100684261957e+00
1.529814271749755594e+00
1.476050830889540588e+00
1.505376344086021501e+00
1.529814271749755594e+00
1.705767350928641068e+00
1.788856304985337431e+00
1.627565982404691969e+00
1.524926686217008776e+00
1.485826001955034226e+00
1.432062561094819220e+00
1.500488758553274682e+00
1.441837732160312857e+00
1.490713587487781044e+00
1.495601173020527863e+00
1.446725317693059676e+00
1.539589442815249232e+00
1.510263929618768319e+00
1.505376344086021501e+00
1.534701857282502413e+00
1.490713587487781044e+00
1.559139784946236507e+00
1.608015640273704694e+00
1.485826001955034226e+00
1.559139784946236507e+00
1.524926686217008776e+00
1.559139784946236507e+00
1.564027370478983325e+00
1.510263929618768319e+00
1.549364613880742869e+00
1.490713587487781044e+00
1.471163245356793770e+00
1.490713587487781044e+00
1.446725317693059676e+00
1.485826001955034226e+00
1.476050830889540588e+00
1.436950146627566038e+00
1.500488758553274682e+00
1.456500488758553313e+00
1.495601173020527863e+00
1.505376344086021501e+00
1.451612903225806495e+00
1.529814271749755594e+00
1.495601173020527863e+00
1.485826001955034226e+00
1.539589442815249232e+00
1.480938416422287407e+00
1.515151515151515138e+00
1.510263929618768319e+00
1.480938416422287407e+00
1.539589442815249232e+00
1.480938416422287407e+00
1.524926686217008776e+00
1.539589442815249232e+00
1.476050830889540588e+00
1.539589442815249232e+00
1.495601173020527863e+00
1.495601173020527863e+00
1.534701857282502413e+00
1.480938416422287407e+00
1.549364613880742869e+00
1.534701857282502413e+00
1.515151515151515138e+00
1.544477028347996050e+00
1.480938416422287407e+00
1.534701857282502413e+00
1.568914956011730144e+00
1.495601173020527863e+00
1.549364613880742869e+00
1.515151515151515138e+00
1.500488758553274682e+00
1.534701857282502413e+00
1.456500488758553313e+00
1.520039100684261957e+00
1.515151515151515138e+00
1.480938416422287407e+00
1.695992179863147431e+00
1.749755620723362881e+00
1.754643206256109700e+00
1.559139784946236507e+00
1.432062561094819220e+00
1.524926686217008776e+00
1.471163245356793770e+00
1.441837732160312857e+00
1.520039100684261957e+00
1.456500488758553313e+00
1.510263929618768319e+00
1.505376344086021501e+00
1.461388074291300132e+00
1.539589442815249232e+00
1.480938416422287407e+00
1.539589442815249232e+00
1.588465298142717419e+00
1.500488758553274682e+00
1.573802541544476963e+00
1.515151515151515138e+00
1.534701857282502413e+00
1.598240469208211056e+00
1.534701857282502413e+00
1.583577712609970600e+00
1.559139784946236507e+00
1.471163245356793770e+00
1.500488758553274682e+00
1.436950146627566038e+00
1.500488758553274682e+00
1.500488758553274682e+00
1.441837732160312857e+00
1.515151515151515138e+00
1.485826001955034226e+00
1.461388074291300132e+00
1.520039100684261957e+00
1.471163245356793770e+00
1.485826001955034226e+00
1.510263929618768319e+00
1.485826001955034226e+00
1.549364613880742869e+00
1.485826001955034226e+00
1.500488758553274682e+00
1.559139784946236507e+00
1.476050830889540588e+00
1.549364613880742869e+00
1.515151515151515138e+00
1.495601173020527863e+00
1.534701857282502413e+00
1.490713587487781044e+00
1.534701857282502413e+00
1.539589442815249232e+00
1.490713587487781044e+00
1.549364613880742869e+00
1.505376344086021501e+00
1.529814271749755594e+00
1.549364613880742869e+00
1.490713587487781044e+00
1.554252199413489688e+00
1.515151515151515138e+00
1.505376344086021501e+00
1.524926686217008776e+00
1.510263929618768319e+00
1.500488758553274682e+00
1.505376344086021501e+00
1.451612903225806495e+00
1.549364613880742869e+00
1.656891495601172881e+00
1.759530791788856519e+00
1.735092864125122425e+00
1.466275659824046951e+00
1.500488758553274682e+00
1.471163245356793770e+00
1.446725317693059676e+00
1.500488758553274682e+00
1.446725317693059676e+00
1.505376344086021501e+00
1.500488758553274682e+00
1.466275659824046951e+00
1.549364613880742869e+00
1.495601173020527863e+00
1.500488758553274682e+00
1.544477028347996050e+00
1.495601173020527863e+00
1.568914956011730144e+00
1.568914956011730144e+00
1.529814271749755594e+00
1.573802541544476963e+00
1.520039100684261957e+00
1.559139784946236507e+00
1.534701857282502413e+00
1.471163245356793770e+00
1.534701857282502413e+00
1.480938416422287407e+00
1.480938416422287407e+00
1.515151515151515138e+00
1.417399804496578763e+00
1.505376344086021501e+00
1.505376344086021501e+00
1.446725317693059676e+00
1.505376344086021501e+00
1.466275659824046951e+00
1.510263929618768319e+00
1.515151515151515138e+00
1.480938416422287407e+00
1.529814271749755594e+00
1.495601173020527863e+00
1.529814271749755594e+00
1.529814271749755594e+00
1.461388074291300132e+00
1.534701857282502413e+00
1.515151515151515138e+00
1.495601173020527863e+00
1.544477028347996050e+00
1.505376344086021501e+00
1.559139784946236507e+00
1.549364613880742869e+00
1.471163245356793770e+00
1.539589442815249232e+00
1.500488758553274682e+00
1.500488758553274682e+00
1.539589442815249232e+00
1.471163245356793770e+00
1.524926686217008776e+00
1.520039100684261957e+00
1.476050830889540588e+00
1.520039100684261957e+00
1.476050830889540588e+00
1.681329423264906975e+00
1.759530791788856519e+00
1.676441837732160156e+00
1.554252199413489688e+00
1.461388074291300132e+00
1.466275659824046951e+00
1.515151515151515138e+00
1.432062561094819220e+00
1.505376344086021501e+00
1.495601173020527863e+00
1.471163245356793770e+00
1.539589442815249232e+00
1.476050830889540588e+00
1.515151515151515138e+00
1.534701857282502413e+00
1.490713587487781044e+00
1.564027370478983325e+00
1.534701857282502413e+00
1.559139784946236507e+00
1.603128054740957875e+00
1.510263929618768319e+00
1.564027370478983325e+00
1.534701857282502413e+00
1.505376344086021501e+00
1.573802541544476963e+00
1.490713587487781044e+00
1.476050830889540588e+00
1.490713587487781044e+00
1.432062561094819220e+00
1.505376344086021501e+00
1.480938416422287407e+00
1.485826001955034226e+00
1.495601173020527863e+00
1.451612903225806495e+00
1.515151515151515138e+00
1.495601173020527863e+00
1.495601173020527863e+00
1.529814271749755594e+00
1.476050830889540588e+00
1.520039100684261957e+00
1.544477028347996050e+00
1.476050830889540588e+00
1.544477028347996050e+00
1.510263929618768319e+00
1.520039100684261957e+00
1.524926686217008776e+00
1.480938416422287407e+00
1.564027370478983325e+00
1.549364613880742869e+00
1.495601173020527863e+00
1.559139784946236507e+00
1.515151515151515138e+00
1.515151515151515138e+00
1.520039100684261957e+00
1.461388074291300132e+00
1.539589442815249232e+00
1.505376344086021501e+00
1.500488758553274682e+00
1.510263929618768319e+00
1.466275659824046951e+00
1.671554252199413337e+00
1.735092864125122425e+00
1.695992179863147431e+00
1.568914956011730144e+00
1.451612903225806495e+00
1.480938416422287407e+00
1.490713587487781044e+00
1.436950146627566038e+00
1.520039100684261957e+00
1.476050830889540588e+00
1.466275659824046951e+00
1.524926686217008776e+00
1.461388074291300132e+00
1.529814271749755594e+00
1.524926686217008776e+00
1.500488758553274682e+00
1.559139784946236507e+00
1.515151515151515138e+00
1.564027370478983325e+00
1.568914956011730144e+00
1.510263929618768319e+00
1.573802541544476963e+00
1.529814271749755594e+00
1.524926686217008776e+00
1.544477028347996050e+00
1.466275659824046951e+00
1.510263929618768319e+00
1.500488758553274682e+00
1.441837732160312857e+00
1.505376344086021501e+00
1.451612903225806495e+00
1.490713587487781044e+00
1.510263929618768319e+00
1.456500488758553313e+00
1.524926686217008776e+00
1.495601173020527863e+00
1.480938416422287407e+00
1.529814271749755594e+00
1.476050830889540588e+00
1.559139784946236507e+00
1.524926686217008776e+00
1.495601173020527863e+00
1.515151515151515138e+00
1.485826001955034226e+00
1.515151515151515138e+00
1.539589442815249232e+00
1.485826001955034226e+00
1.549364613880742869e+00
1.544477028347996050e+00
1.510263929618768319e+00
1.554252199413489688e+00
1.485826001955034226e+00
1.549364613880742869e+00
1.510263929618768319e+00
1.490713587487781044e+00
1.529814271749755594e+00
1.490713587487781044e+00
1.510263929618768319e+00
1.529814271749755594e+00
1.461388074291300132e+00
1.524926686217008776e+00
1.603128054740957875e+00
1.739980449657869244e+00
1.788856304985337431e+00
1.549364613880742869e+00
1.510263929618768319e+00
1.490713587487781044e+00
1.422287390029325582e+00
1.505376344086021501e+00
1.466275659824046951e+00
1.471163245356793770e+00
1.515151515151515138e+00
1.446725317693059676e+00
1.529814271749755594e+00
1.500488758553274682e+00
1.500488758553274682e+00
1.554252199413489688e+00
1.505376344086021501e+00
1.554252199413489688e+00
1.564027370478983325e+00
1.510263929618768319e+00
1.588465298142717419e+00
1.534701857282502413e+00
1.544477028347996050e+00
1.554252199413489688e+00
1.480938416422287407e+00
1.544477028347996050e+00
1.490713587487781044e+00
1.466275659824046951e+00
1.500488758553274682e+00
1.436950146627566038e+00
1.490713587487781044e+00
1.495601173020527863e+00
1.451612903225806495e+00
1.529814271749755594e+00
1.485826001955034226e+00
1.485826001955034226e+00
1.520039100684261957e+00
1.461388074291300132e+00
1.524926686217008776e+00
1.505376344086021501e+00
1.500488758553274682e+00
1.539589442815249232e+00
1.476050830889540588e+00
1.534701857282502413e+00
1.510263929618768319e+00
1.480938416422287407e+00
1.554252199413489688e+00
1.495601173020527863e+00
1.510263929618768319e+00
1.549364613880742869e+00
1.476050830889540588e+00
1.534701857282502413e+00
1.520039100684261957e+00
1.495601173020527863e+00
1.568914956011730144e+00
1.500488758553274682e+00
1.549364613880742869e+00
1.544477028347996050e+00
1.490713587487781044e+00
1.539589442815249232e+00
1.495601173020527863e+00
1.500488758553274682e+00
1.539589442815249232e+00
1.471163245356793770e+00
1.539589442815249232e+00
1.476050830889540588e+00
1.559139784946236507e+00
1.769305962854350156e+00
1.754643206256109700e+00
1.632453567937438788e+00
1.485826001955034226e+00
1.432062561094819220e+00
1.500488758553274682e+00
1.451612903225806495e+00
1.476050830889540588e+00
1.510263929618768319e+00
1.436950146627566038e+00
1.524926686217008776e+00
1.490713587487781044e+00
1.485826001955034226e+00
1.539589442815249232e+00
1.490713587487781044e+00
1.544477028347996050e+00
1.554252199413489688e+00
1.505376344086021501e+00
1.583577712609970600e+00
1.544477028347996050e+00
1.554252199413489688e+00
1.559139784946236507e+00
1.505376344086021501e+00
1.544477028347996050e+00
1.510263929618768319e+00
1.471163245356793770e+00
1.520039100684261957e+00
1.451612903225806495e+00
1.490713587487781044e+00
1.485826001955034226e+00
1.441837732160312857e+00
1.510263929618768319e+00
1.471163245356793770e+00
1.490713587487781044e+00
1.505376344086021501e+00
1.461388074291300132e+00
1.529814271749755594e+00
1.500488758553274682e+00
1.480938416422287407e+00
1.534701857282502413e+00
1.485826001955034226e+00
1.534701857282502413e+00
1.529814271749755594e+00
1.466275659824046951e+00
1.549364613880742869e+00
1.510263929618768319e+00
1.500488758553274682e+00
1.534701857282502413e+00
1.480938416422287407e+00
1.559139784946236507e+00
1.524926686217008776e+00
1.495601173020527863e+00
1.568914956011730144e+00
1.515151515151515138e+00
1.529814271749755594e+00
1.534701857282502413e+00
1.490713587487781044e+00
1.539589442815249232e+00
1.495601173020527863e+00
1.515151515151515138e+00
1.534701857282502413e+00
1.476050830889540588e+00
1.520039100684261957e+00
1.485826001955034226e+00
1.578690127077223782e+00
1.783968719452590612e+00
1.749755620723362881e+00
1.583577712609970600e+00
1.495601173020527863e+00
1.432062561094819220e+00
1.505376344086021501e+00
1.471163245356793770e+00
1.476050830889540588e+00
1.500488758553274682e+00
1.456500488758553313e+00
1.510263929618768319e+00
1.510263929618768319e+00
1.480938416422287407e+00
1.544477028347996050e+00
1.500488758553274682e+00
1.534701857282502413e+00
1.554252199413489688e+00
1.505376344086021501e+00
1.578690127077223782e+00
1.554252199413489688e+00
1.554252199413489688e+00
1.564027370478983325e+00
1.505376344086021501e+00
1.534701857282502413e+00
1.505376344086021501e+00
1.466275659824046951e+00
1.510263929618768319e+00
1.466275659824046951e+00
1.490713587487781044e+00
1.500488758553274682e+00
1.432062561094819220e+00
1.505376344086021501e+00
1.476050830889540588e+00
1.485826001955034226e+00
1.520039100684261957e+00
1.456500488758553313e+00
1.534701857282502413e+00
1.510263929618768319e+00
1.485826001955034226e+00
1.529814271749755594e+00
1.485826001955034226e+00
1.524926686217008776e+00
1.534701857282502413e+00
1.480938416422287407e+00
1.544477028347996050e+00
1.505376344086021501e+00
1.510263929618768319e+00
1.524926686217008776e+00
1.480938416422287407e+00
1.539589442815249232e+00
1.549364613880742869e+00
1.505376344086021501e+00
1.559139784946236507e+00
1.500488758553274682e+00
1.534701857282502413e+00
1.549364613880742869e+00
1.480938416422287407e+00
1.539589442815249232e+00
1.505376344086021501e+00
1.500488758553274682e+00
1.529814271749755594e+00
1.466275659824046951e+00
1.520039100684261957e+00
1.490713587487781044e+00
1.549364613880742869e+00
1.764418377321603337e+00
1.735092864125122425e+00
1.632453567937438788e+00
1.495601173020527863e+00
1.432062561094819220e+00
1.485826001955034226e+00
1.456500488758553313e+00
1.466275659824046951e+00
1.500488758553274682e+00
1.451612903225806495e+00
1.524926686217008776e+00
1.510263929618768319e+00
1.471163245356793770e+00
1.544477028347996050e+00
1.490713587487781044e+00
1.529814271749755594e+00
1.568914956011730144e+00
1.500488758553274682e+00
1.593352883675464238e+00
1.544477028347996050e+00
1.539589442815249232e+00
1.578690127077223782e+00
1.500488758553274682e+00
1.554252199413489688e+00
1.510263929618768319e+00
1.466275659824046951e+00
1.510263929618768319e+00
1.451612903225806495e+00
1.476050830889540588e+00
1.500488758553274682e+00
1.441837732160312857e+00
1.500488758553274682e+00
1.476050830889540588e+00
1.500488758553274682e+00
1.505376344086021501e+00
1.456500488758553313e+00
1.524926686217008776e+00
1.520039100684261957e+00
1.476050830889540588e+00
1.534701857282502413e+00
1.490713587487781044e+00
1.534701857282502413e+00
1.529814271749755594e+00
1.476050830889540588e+00
1.549364613880742869e+00
1.510263929618768319e+00
1.510263929618768319e+00
1.544477028347996050e+00
1.485826001955034226e+00
1.529814271749755594e+00
1.524926686217008776e+00
1.495601173020527863e+00
1.544477028347996050e+00
1.495601173020527863e+00
1.529814271749755594e+00
1.539589442815249232e+00
1.480938416422287407e+00
1.554252199413489688e+00
1.520039100684261957e+00
1.520039100684261957e+00
1.568914956011730144e+00
1.495601173020527863e+00
1.554252199413489688e+00
1.534701857282502413e+00
1.490713587487781044e+00
1.539589442815249232e+00
1.480938416422287407e+00
1.520039100684261957e+00
1.534701857282502413e+00
1.471163245356793770e+00
1.510263929618768319e+00
1.524926686217008776e+00
1.686217008797653794e+00
1.793743890518084250e+00
1.666666666666666519e+00
1.539589442815249232e+00
1.485826001955034226e+00
1.441837732160312857e+00
1.500488758553274682e+00
1.451612903225806495e+00
1.485826001955034226e+00
1.500488758553274682e+00
1.451612903225806495e+00
1.524926686217008776e+00
1.500488758553274682e+00
1.500488758553274682e+00
1.554252199413489688e+00
1.490713587487781044e+00
1.549364613880742869e+00
1.554252199413489688e+00
1.520039100684261957e+00
1.578690127077223782e+00
1.544477028347996050e+00
1.549364613880742869e+00
1.564027370478983325e+00
1.490713587487781044e+00
1.554252199413489688e+00
1.495601173020527863e+00
